3,5,COUNT=29
3,5,10,COUNT=21
3,5,10,12,COUNT=10
3,5,10,14,COUNT=10
3,5,10,15,COUNT=18
3,5,10,15,17,COUNT=16
3,5,10,15,17,22,COUNT=12
3,5,10,15,17,22,25,COUNT=11
3,5,10,15,17,25,COUNT=14
3,5,10,15,22,COUNT=13
3,5,10,15,22,25,COUNT=12
3,5,10,15,25,COUNT=15
3,5,10,15,120,COUNT=11
3,5,10,17,COUNT=19
3,5,10,17,22,COUNT=13
3,5,10,17,22,25,COUNT=12
3,5,10,17,25,COUNT=17
3,5,10,17,25,120,COUNT=10
3,5,10,17,120,COUNT=11
3,5,10,21,COUNT=11
3,5,10,22,COUNT=14
3,5,10,22,25,COUNT=13
3,5,10,22,120,COUNT=10
3,5,10,25,COUNT=18
3,5,10,25,120,COUNT=11
3,5,10,120,COUNT=13
3,5,12,COUNT=14
3,5,12,15,COUNT=12
3,5,12,15,17,COUNT=10
3,5,12,15,17,25,COUNT=10
3,5,12,15,25,COUNT=11
3,5,12,17,COUNT=12
3,5,12,17,25,COUNT=12
3,5,12,25,COUNT=13
3,5,14,COUNT=11
3,5,14,15,COUNT=10
3,5,14,17,COUNT=10
3,5,15,COUNT=25
3,5,15,17,COUNT=26
3,5,15,17,22,COUNT=15
3,5,15,17,22,25,COUNT=13
3,5,15,17,25,COUNT=23
3,5,15,17,120,COUNT=10
3,5,15,21,COUNT=11
3,5,15,22,COUNT=17
3,5,15,22,25,COUNT=15
3,5,15,22,120,COUNT=10
3,5,15,25,COUNT=21
3,5,15,25,120,COUNT=10
3,5,15,120,COUNT=12
3,5,17,21,COUNT=11
3,5,17,21,25,COUNT=10
3,5,17,22,COUNT=16
3,5,17,22,25,COUNT=14
3,5,17,22,120,COUNT=10
3,5,17,25,COUNT=27
3,5,17,25,120,COUNT=11
3,5,17,120,COUNT=12
3,5,21,COUNT=14
3,5,21,25,COUNT=12
3,5,22,COUNT=18
3,5,22,25,COUNT=16
3,5,22,25,120,COUNT=10
3,5,22,120,COUNT=11
3,5,25,COUNT=25
3,5,25,120,COUNT=12
3,5,120,COUNT=14
3,10,COUNT=26
3,10,12,COUNT=13
3,10,12,15,COUNT=12
3,10,12,15,17,COUNT=10
3,10,12,15,17,25,COUNT=10
3,10,12,15,25,COUNT=10
3,10,12,17,COUNT=11
3,10,12,17,25,COUNT=11
3,10,12,25,COUNT=11
3,10,14,COUNT=12
3,10,14,15,COUNT=11
3,10,14,17,COUNT=10
3,10,14,120,COUNT=10
3,10,15,COUNT=23
3,10,15,17,COUNT=19
3,10,15,17,21,COUNT=10
3,10,15,17,22,COUNT=13
3,10,15,17,22,25,COUNT=12
3,10,15,17,25,COUNT=17
3,10,15,17,25,120,COUNT=10
3,10,15,17,120,COUNT=11
3,10,15,21,COUNT=14
3,10,15,21,25,COUNT=10
3,10,15,22,COUNT=15
3,10,15,22,25,COUNT=13
3,10,15,25,COUNT=18
3,10,15,25,120,COUNT=11
3,10,15,120,COUNT=13
3,10,17,COUNT=22
3,10,17,21,COUNT=12
3,10,17,21,25,COUNT=11
3,10,17,22,COUNT=14
3,10,17,22,25,COUNT=13
3,10,17,25,COUNT=20
3,10,17,25,120,COUNT=12
3,10,17,120,COUNT=13
3,10,21,COUNT=16
3,10,21,25,COUNT=12
3,10,22,COUNT=16
3,10,22,25,COUNT=14
3,10,22,120,COUNT=10
3,10,25,COUNT=21
3,10,25,120,COUNT=13
3,10,120,COUNT=15
3,12,COUNT=17
3,12,15,COUNT=15
3,12,15,17,COUNT=12
3,12,15,17,25,COUNT=12
3,12,15,25,COUNT=13
3,12,17,COUNT=14
3,12,17,25,COUNT=14
3,12,21,COUNT=11
3,12,22,COUNT=10
3,12,22,25,COUNT=10
3,12,25,COUNT=15
3,14,COUNT=15
3,14,15,COUNT=12
3,14,15,17,COUNT=10
3,14,15,22,COUNT=10
3,14,17,COUNT=11
3,14,22,COUNT=10
3,14,25,COUNT=10
3,14,25,120,COUNT=10
3,14,120,COUNT=11
3,15,COUNT=28
3,15,17,COUNT=25
3,15,17,21,COUNT=11
3,15,17,21,25,COUNT=10
3,15,17,22,COUNT=16
3,15,17,22,25,COUNT=14
3,15,17,25,COUNT=22
3,15,17,25,120,COUNT=11
3,15,17,120,COUNT=12
3,15,21,COUNT=16
3,15,21,22,COUNT=10
3,15,21,25,COUNT=12
3,15,22,COUNT=19
3,15,22,25,COUNT=16
3,15,22,120,COUNT=10
3,15,25,COUNT=22
3,15,25,120,COUNT=12
3,15,120,COUNT=14
3,17,COUNT=29
3,17,21,COUNT=14
3,17,21,25,COUNT=13
3,17,22,COUNT=17
3,17,22,25,COUNT=15
3,17,22,120,COUNT=10
3,17,25,COUNT=26
3,17,25,120,COUNT=13
3,17,120,COUNT=14
3,21,COUNT=21
3,21,22,COUNT=11
3,21,22,25,COUNT=10
3,21,25,COUNT=16
3,22,COUNT=20
3,22,25,COUNT=17
3,22,25,120,COUNT=10
3,22,120,COUNT=11
3,23,COUNT=10
3,25,COUNT=27
3,25,120,COUNT=15
3,120,COUNT=17
4,5,COUNT=25
4,5,10,COUNT=25
4,5,10,15,COUNT=20
4,5,10,15,17,COUNT=16
4,5,10,15,17,23,COUNT=10
4,5,10,15,17,23,25,COUNT=10
4,5,10,15,17,25,COUNT=16
4,5,10,15,19,COUNT=10
4,5,10,15,19,25,COUNT=10
4,5,10,15,21,COUNT=10
4,5,10,15,21,25,COUNT=10
4,5,10,15,23,COUNT=12
4,5,10,15,23,25,COUNT=12
4,5,10,15,25,COUNT=20
4,5,10,17,COUNT=21
4,5,10,17,19,COUNT=10
4,5,10,17,19,25,COUNT=10
4,5,10,17,23,COUNT=13
4,5,10,17,23,25,COUNT=13
4,5,10,17,25,COUNT=21
4,5,10,17,25,120,COUNT=10
4,5,10,17,120,COUNT=10
4,5,10,19,COUNT=13
4,5,10,19,23,COUNT=10
4,5,10,19,23,25,COUNT=10
4,5,10,19,25,COUNT=13
4,5,10,21,COUNT=11
4,5,10,21,25,COUNT=11
4,5,10,23,COUNT=15
4,5,10,23,25,COUNT=15
4,5,10,25,COUNT=25
4,5,10,25,120,COUNT=10
4,5,10,120,COUNT=10
4,5,15,COUNT=20
4,5,15,17,COUNT=16
4,5,15,17,23,COUNT=10
4,5,15,17,23,25,COUNT=10
4,5,15,17,25,COUNT=16
4,5,15,19,COUNT=10
4,5,15,19,25,COUNT=10
4,5,15,21,COUNT=10
4,5,15,21,25,COUNT=10
4,5,15,23,COUNT=12
4,5,15,23,25,COUNT=12
4,5,15,25,COUNT=20
4,5,17,COUNT=21
4,5,17,19,COUNT=10
4,5,17,19,25,COUNT=10
4,5,17,23,COUNT=13
4,5,17,23,25,COUNT=13
4,5,17,25,COUNT=21
4,5,17,25,120,COUNT=10
4,5,17,120,COUNT=10
4,5,19,COUNT=13
4,5,19,23,COUNT=10
4,5,19,23,25,COUNT=10
4,5,19,25,COUNT=13
4,5,21,COUNT=11
4,5,21,25,COUNT=11
4,5,23,COUNT=15
4,5,23,25,COUNT=15
4,5,25,COUNT=25
4,5,25,120,COUNT=10
4,5,120,COUNT=10
4,10,12,COUNT=13
4,10,12,21,COUNT=11
4,10,14,COUNT=17
4,10,14,15,COUNT=12
4,10,14,17,COUNT=11
4,10,14,21,COUNT=13
4,10,14,25,COUNT=11
4,10,15,COUNT=28
4,10,15,17,COUNT=20
4,10,15,17,23,COUNT=10
4,10,15,17,23,25,COUNT=10
4,10,15,17,25,COUNT=17
4,10,15,19,COUNT=13
4,10,15,19,23,COUNT=11
4,10,15,19,25,COUNT=11
4,10,15,21,COUNT=16
4,10,15,21,22,COUNT=10
4,10,15,21,25,COUNT=11
4,10,15,22,COUNT=12
4,10,15,23,COUNT=15
4,10,15,23,25,COUNT=13
4,10,15,25,COUNT=22
4,10,15,120,COUNT=11
4,10,17,COUNT=27
4,10,17,19,COUNT=11
4,10,17,19,25,COUNT=11
4,10,17,21,COUNT=10
4,10,17,22,COUNT=11
4,10,17,23,COUNT=14
4,10,17,23,25,COUNT=13
4,10,17,25,COUNT=23
4,10,17,25,120,COUNT=11
4,10,17,120,COUNT=12
4,10,19,COUNT=25
4,10,19,21,COUNT=13
4,10,19,23,COUNT=19
4,10,19,23,25,COUNT=14
4,10,19,25,COUNT=18
4,10,19,120,COUNT=11
4,10,21,COUNT=25
4,10,21,22,COUNT=12
4,10,21,23,COUNT=12
4,10,21,25,COUNT=15
4,10,21,120,COUNT=10
4,10,22,COUNT=16
4,10,22,25,COUNT=11
4,10,23,COUNT=24
4,10,23,25,COUNT=19
4,10,23,120,COUNT=11
4,10,25,120,COUNT=14
4,10,120,COUNT=19
4,12,COUNT=15
4,12,19,COUNT=11
4,12,19,21,COUNT=10
4,12,21,COUNT=13
4,14,COUNT=18
4,14,15,COUNT=12
4,14,17,COUNT=11
4,14,21,COUNT=14
4,14,25,COUNT=12
4,15,COUNT=29
4,15,17,COUNT=20
4,15,17,23,COUNT=10
4,15,17,23,25,COUNT=10
4,15,17,25,COUNT=17
4,15,19,COUNT=14
4,15,19,23,COUNT=12
4,15,19,25,COUNT=11
4,15,21,COUNT=17
4,15,21,22,COUNT=10
4,15,21,25,COUNT=11
4,15,22,COUNT=12
4,15,23,COUNT=16
4,15,23,25,COUNT=13
4,15,25,COUNT=22
4,15,120,COUNT=12
4,17,COUNT=27
4,17,19,COUNT=11
4,17,19,25,COUNT=11
4,17,21,COUNT=10
4,17,22,COUNT=11
4,17,23,COUNT=14
4,17,23,25,COUNT=13
4,17,25,COUNT=23
4,17,25,120,COUNT=11
4,17,120,COUNT=12
4,19,COUNT=28
4,19,21,COUNT=16
4,19,21,23,COUNT=10
4,19,23,COUNT=20
4,19,23,25,COUNT=14
4,19,25,COUNT=19
4,19,120,COUNT=12
4,21,COUNT=28
4,21,22,COUNT=13
4,21,23,COUNT=13
4,21,25,COUNT=16
4,21,120,COUNT=11
4,22,COUNT=17
4,22,25,COUNT=11
4,23,COUNT=25
4,23,25,COUNT=19
4,23,120,COUNT=12
4,25,120,COUNT=14
4,120,COUNT=20
5,10,12,COUNT=27
5,10,12,15,COUNT=24
5,10,12,15,17,COUNT=19
5,10,12,15,17,21,COUNT=10
5,10,12,15,17,22,COUNT=15
5,10,12,15,17,22,25,COUNT=11
5,10,12,15,17,25,COUNT=15
5,10,12,15,21,COUNT=15
5,10,12,15,21,22,COUNT=11
5,10,12,15,21,22,25,COUNT=10
5,10,12,15,21,25,COUNT=13
5,10,12,15,22,COUNT=17
5,10,12,15,22,25,COUNT=13
5,10,12,15,25,COUNT=19
5,10,12,17,COUNT=21
5,10,12,17,21,COUNT=11
5,10,12,17,21,22,COUNT=10
5,10,12,17,21,25,COUNT=10
5,10,12,17,22,COUNT=17
5,10,12,17,22,25,COUNT=13
5,10,12,17,25,COUNT=17
5,10,12,21,COUNT=17
5,10,12,21,22,COUNT=13
5,10,12,21,22,25,COUNT=12
5,10,12,21,25,COUNT=15
5,10,12,22,COUNT=20
5,10,12,22,25,COUNT=16
5,10,12,25,COUNT=22
5,10,14,COUNT=22
5,10,14,15,COUNT=18
5,10,14,15,17,COUNT=17
5,10,14,15,17,22,COUNT=12
5,10,14,15,17,22,25,COUNT=11
5,10,14,15,17,25,COUNT=15
5,10,14,15,17,25,120,COUNT=10
5,10,14,15,17,120,COUNT=11
5,10,14,15,21,COUNT=10
5,10,14,15,22,COUNT=13
5,10,14,15,22,25,COUNT=12
5,10,14,15,25,COUNT=16
5,10,14,15,25,120,COUNT=11
5,10,14,15,120,COUNT=12
5,10,14,17,COUNT=21
5,10,14,17,21,COUNT=12
5,10,14,17,21,25,COUNT=10
5,10,14,17,22,COUNT=13
5,10,14,17,22,25,COUNT=11
5,10,14,17,25,COUNT=18
5,10,14,17,25,120,COUNT=12
5,10,14,17,120,COUNT=13
5,10,14,21,COUNT=13
5,10,14,21,25,COUNT=11
5,10,14,22,COUNT=14
5,10,14,22,25,COUNT=12
5,10,14,25,COUNT=19
5,10,14,25,120,COUNT=13
5,10,14,120,COUNT=14
5,10,15,17,21,COUNT=19
5,10,15,17,21,22,COUNT=15
5,10,15,17,21,22,25,COUNT=14
5,10,15,17,21,25,COUNT=17
5,10,15,17,22,COUNT=27
5,10,15,17,22,25,COUNT=22
5,10,15,17,22,25,120,COUNT=10
5,10,15,17,22,120,COUNT=11
5,10,15,17,23,COUNT=14
5,10,15,17,23,25,COUNT=14
5,10,15,17,25,120,COUNT=18
5,10,15,17,120,COUNT=19
5,10,15,19,COUNT=13
5,10,15,19,25,COUNT=12
5,10,15,21,COUNT=25
5,10,15,21,22,COUNT=19
5,10,15,21,22,25,COUNT=18
5,10,15,21,25,COUNT=22
5,10,15,22,25,COUNT=26
5,10,15,22,25,120,COUNT=11
5,10,15,22,120,COUNT=12
5,10,15,23,COUNT=17
5,10,15,23,25,COUNT=16
5,10,15,25,120,COUNT=19
5,10,15,120,COUNT=21
5,10,17,19,COUNT=11
5,10,17,19,23,COUNT=10
5,10,17,19,23,25,COUNT=10
5,10,17,19,25,COUNT=11
5,10,17,21,COUNT=23
5,10,17,21,22,COUNT=17
5,10,17,21,22,25,COUNT=15
5,10,17,21,25,COUNT=20
5,10,17,22,25,COUNT=24
5,10,17,22,25,120,COUNT=11
5,10,17,22,120,COUNT=12
5,10,17,23,COUNT=19
5,10,17,23,25,COUNT=19
5,10,17,25,120,COUNT=22
5,10,17,120,COUNT=23
5,10,19,COUNT=18
5,10,19,23,COUNT=12
5,10,19,23,25,COUNT=11
5,10,19,25,COUNT=17
5,10,21,22,COUNT=22
5,10,21,22,25,COUNT=20
5,10,21,25,COUNT=26
5,10,21,25,120,COUNT=10
5,10,21,120,COUNT=11
5,10,22,25,COUNT=29
5,10,22,25,120,COUNT=12
5,10,22,120,COUNT=13
5,10,23,COUNT=22
5,10,23,25,COUNT=21
5,10,23,120,COUNT=10
5,10,25,120,COUNT=23
5,10,120,COUNT=25
5,12,15,COUNT=27
5,12,15,17,COUNT=21
5,12,15,17,21,COUNT=11
5,12,15,17,21,22,COUNT=10
5,12,15,17,21,25,COUNT=10
5,12,15,17,22,COUNT=17
5,12,15,17,22,25,COUNT=13
5,12,15,17,25,COUNT=17
5,12,15,21,COUNT=17
5,12,15,21,22,COUNT=13
5,12,15,21,22,25,COUNT=12
5,12,15,21,25,COUNT=15
5,12,15,22,COUNT=20
5,12,15,22,25,COUNT=16
5,12,15,25,COUNT=22
5,12,17,COUNT=24
5,12,17,21,COUNT=13
5,12,17,21,22,COUNT=11
5,12,17,21,22,25,COUNT=10
5,12,17,21,25,COUNT=12
5,12,17,22,COUNT=19
5,12,17,22,25,COUNT=15
5,12,17,25,COUNT=20
5,12,21,COUNT=20
5,12,21,22,COUNT=15
5,12,21,22,25,COUNT=14
5,12,21,25,COUNT=18
5,12,22,COUNT=23
5,12,22,25,COUNT=19
5,12,25,COUNT=26
5,14,COUNT=25
5,14,15,COUNT=21
5,14,15,17,COUNT=19
5,14,15,17,22,COUNT=14
5,14,15,17,22,25,COUNT=12
5,14,15,17,25,COUNT=16
5,14,15,17,25,120,COUNT=10
5,14,15,17,120,COUNT=11
5,14,15,21,COUNT=11
5,14,15,21,25,COUNT=10
5,14,15,22,COUNT=15
5,14,15,22,25,COUNT=13
5,14,15,25,COUNT=18
5,14,15,25,120,COUNT=11
5,14,15,120,COUNT=12
5,14,17,COUNT=23
5,14,17,21,COUNT=12
5,14,17,21,25,COUNT=10
5,14,17,22,COUNT=15
5,14,17,22,25,COUNT=12
5,14,17,25,COUNT=19
5,14,17,25,120,COUNT=12
5,14,17,120,COUNT=13
5,14,21,COUNT=14
5,14,21,25,COUNT=12
5,14,22,COUNT=16
5,14,22,25,COUNT=13
5,14,25,COUNT=21
5,14,25,120,COUNT=13
5,14,120,COUNT=14
5,15,17,21,COUNT=20
5,15,17,21,22,COUNT=16
5,15,17,21,22,25,COUNT=15
5,15,17,21,25,COUNT=18
5,15,17,22,25,COUNT=25
5,15,17,22,25,120,COUNT=11
5,15,17,22,120,COUNT=12
5,15,17,23,COUNT=14
5,15,17,23,25,COUNT=14
5,15,17,25,120,COUNT=19
5,15,17,120,COUNT=20
5,15,19,COUNT=14
5,15,19,25,COUNT=13
5,15,21,COUNT=28
5,15,21,22,COUNT=21
5,15,21,22,25,COUNT=20
5,15,21,25,COUNT=25
5,15,22,25,120,COUNT=12
5,15,22,120,COUNT=13
5,15,23,COUNT=17
5,15,23,25,COUNT=16
5,15,25,120,COUNT=20
5,15,120,COUNT=22
5,17,19,COUNT=11
5,17,19,23,COUNT=10
5,17,19,23,25,COUNT=10
5,17,19,25,COUNT=11
5,17,21,COUNT=25
5,17,21,22,COUNT=18
5,17,21,22,25,COUNT=16
5,17,21,25,COUNT=22
5,17,22,25,COUNT=27
5,17,22,25,120,COUNT=12
5,17,22,120,COUNT=13
5,17,23,COUNT=20
5,17,23,25,COUNT=20
5,17,25,120,COUNT=23
5,17,120,COUNT=24
5,19,COUNT=19
5,19,23,COUNT=12
5,19,23,25,COUNT=11
5,19,25,COUNT=18
5,21,22,COUNT=24
5,21,22,25,COUNT=22
5,21,25,120,COUNT=10
5,21,120,COUNT=11
5,22,25,120,COUNT=13
5,22,120,COUNT=14
5,23,COUNT=23
5,23,25,COUNT=22
5,23,120,COUNT=10
5,25,120,COUNT=24
5,120,COUNT=26
10,12,15,COUNT=29
10,12,15,17,COUNT=21
10,12,15,17,21,COUNT=12
10,12,15,17,21,22,COUNT=10
10,12,15,17,21,25,COUNT=11
10,12,15,17,22,COUNT=16
10,12,15,17,22,25,COUNT=12
10,12,15,17,25,COUNT=17
10,12,15,21,COUNT=20
10,12,15,21,22,COUNT=12
10,12,15,21,22,25,COUNT=11
10,12,15,21,25,COUNT=16
10,12,15,22,COUNT=18
10,12,15,22,25,COUNT=14
10,12,15,25,COUNT=22
10,12,17,COUNT=23
10,12,17,21,COUNT=13
10,12,17,21,22,COUNT=11
10,12,17,21,22,25,COUNT=10
10,12,17,21,25,COUNT=12
10,12,17,22,COUNT=18
10,12,17,22,25,COUNT=14
10,12,17,25,COUNT=19
10,12,19,COUNT=14
10,12,19,21,COUNT=13
10,12,21,COUNT=26
10,12,21,22,COUNT=16
10,12,21,22,25,COUNT=13
10,12,21,25,COUNT=18
10,12,22,COUNT=23
10,12,22,25,COUNT=17
10,12,23,COUNT=11
10,12,25,COUNT=26
10,12,120,COUNT=11
10,14,15,17,COUNT=23
10,14,15,17,21,COUNT=13
10,14,15,17,21,25,COUNT=10
10,14,15,17,22,COUNT=15
10,14,15,17,22,25,COUNT=12
10,14,15,17,25,COUNT=18
10,14,15,17,25,120,COUNT=11
10,14,15,17,120,COUNT=13
10,14,15,21,COUNT=20
10,14,15,21,22,COUNT=11
10,14,15,21,25,COUNT=13
10,14,15,22,COUNT=18
10,14,15,22,25,COUNT=13
10,14,15,22,120,COUNT=11
10,14,15,25,COUNT=21
10,14,15,25,120,COUNT=12
10,14,15,120,COUNT=15
10,14,17,COUNT=28
10,14,17,21,COUNT=17
10,14,17,21,25,COUNT=12
10,14,17,22,COUNT=16
10,14,17,22,25,COUNT=12
10,14,17,25,COUNT=21
10,14,17,25,120,COUNT=13
10,14,17,120,COUNT=15
10,14,21,22,COUNT=12
10,14,21,23,COUNT=11
10,14,21,25,COUNT=19
10,14,21,25,120,COUNT=10
10,14,21,120,COUNT=12
10,14,22,COUNT=19
10,14,22,25,COUNT=13
10,14,22,120,COUNT=11
10,14,23,COUNT=13
10,14,23,25,COUNT=11
10,14,25,COUNT=28
10,14,25,120,COUNT=16
10,14,120,COUNT=19
10,15,17,21,COUNT=25
10,15,17,21,22,COUNT=18
10,15,17,21,22,25,COUNT=15
10,15,17,21,25,COUNT=21
10,15,17,21,120,COUNT=10
10,15,17,22,25,COUNT=24
10,15,17,22,25,120,COUNT=10
10,15,17,22,120,COUNT=12
10,15,17,23,COUNT=17
10,15,17,23,25,COUNT=17
10,15,17,23,25,120,COUNT=10
10,15,17,23,120,COUNT=10
10,15,17,25,120,COUNT=20
10,15,17,120,COUNT=22
10,15,19,COUNT=19
10,15,19,21,COUNT=12
10,15,19,23,COUNT=13
10,15,19,25,COUNT=14
10,15,21,22,COUNT=24
10,15,21,22,25,COUNT=19
10,15,21,23,COUNT=12
10,15,21,25,COUNT=29
10,15,21,25,120,COUNT=10
10,15,21,120,COUNT=14
10,15,22,25,COUNT=28
10,15,22,25,120,COUNT=11
10,15,22,120,COUNT=14
10,15,23,COUNT=24
10,15,23,25,COUNT=20
10,15,23,25,120,COUNT=10
10,15,23,120,COUNT=12
10,15,25,120,COUNT=21
10,15,120,COUNT=26
10,17,19,COUNT=12
10,17,19,23,COUNT=10
10,17,19,23,25,COUNT=10
10,17,19,25,COUNT=12
10,17,21,22,COUNT=20
10,17,21,22,25,COUNT=16
10,17,21,25,COUNT=24
10,17,21,25,120,COUNT=11
10,17,21,120,COUNT=12
10,17,22,25,COUNT=27
10,17,22,25,120,COUNT=12
10,17,22,120,COUNT=14
10,17,23,COUNT=23
10,17,23,25,COUNT=22
10,17,23,25,120,COUNT=11
10,17,23,120,COUNT=11
10,17,25,120,COUNT=25
10,17,120,COUNT=27
10,19,21,COUNT=21
10,19,21,23,COUNT=12
10,19,21,25,COUNT=11
10,19,23,COUNT=22
10,19,23,25,COUNT=15
10,19,25,COUNT=23
10,19,120,COUNT=13
10,21,22,COUNT=29
10,21,22,25,COUNT=21
10,21,22,120,COUNT=10
10,21,23,COUNT=20
10,21,23,25,COUNT=13
10,21,25,120,COUNT=14
10,21,120,COUNT=20
10,22,25,120,COUNT=13
10,22,120,COUNT=17
10,23,25,COUNT=28
10,23,25,120,COUNT=13
10,23,120,COUNT=16
10,25,120,COUNT=29
12,15,17,COUNT=23
12,15,17,21,COUNT=13
12,15,17,21,22,COUNT=11
12,15,17,21,22,25,COUNT=10
12,15,17,21,25,COUNT=12
12,15,17,22,COUNT=18
12,15,17,22,25,COUNT=14
12,15,17,25,COUNT=19
12,15,21,COUNT=23
12,15,21,22,COUNT=14
12,15,21,22,25,COUNT=13
12,15,21,25,COUNT=18
12,15,22,COUNT=21
12,15,22,25,COUNT=17
12,15,25,COUNT=25
12,17,COUNT=26
12,17,21,COUNT=15
12,17,21,22,COUNT=12
12,17,21,22,25,COUNT=11
12,17,21,25,COUNT=14
12,17,22,COUNT=20
12,17,22,25,COUNT=16
12,17,25,COUNT=22
12,19,COUNT=17
12,19,21,COUNT=16
12,21,22,COUNT=19
12,21,22,25,COUNT=15
12,21,23,COUNT=10
12,21,25,COUNT=21
12,22,COUNT=27
12,22,25,COUNT=20
12,23,COUNT=13
12,120,COUNT=13
14,15,17,COUNT=25
14,15,17,21,COUNT=13
14,15,17,21,25,COUNT=10
14,15,17,22,COUNT=17
14,15,17,22,25,COUNT=13
14,15,17,25,COUNT=19
14,15,17,25,120,COUNT=11
14,15,17,120,COUNT=13
14,15,21,COUNT=22
14,15,21,22,COUNT=11
14,15,21,25,COUNT=15
14,15,22,COUNT=20
14,15,22,25,COUNT=14
14,15,22,120,COUNT=11
14,15,25,COUNT=24
14,15,25,120,COUNT=12
14,15,120,COUNT=15
14,17,21,COUNT=17
14,17,21,25,COUNT=12
14,17,22,COUNT=18
14,17,22,25,COUNT=13
14,17,25,COUNT=22
14,17,25,120,COUNT=13
14,17,120,COUNT=15
14,21,22,COUNT=12
14,21,23,COUNT=13
14,21,23,25,COUNT=10
14,21,25,COUNT=23
14,21,25,120,COUNT=11
14,21,120,COUNT=13
14,22,COUNT=21
14,22,25,COUNT=14
14,22,120,COUNT=11
14,23,COUNT=15
14,23,25,COUNT=12
14,25,120,COUNT=17
14,120,COUNT=20
15,17,21,COUNT=26
15,17,21,22,COUNT=19
15,17,21,22,25,COUNT=16
15,17,21,25,COUNT=22
15,17,21,120,COUNT=10
15,17,22,25,COUNT=27
15,17,22,25,120,COUNT=11
15,17,22,120,COUNT=13
15,17,23,COUNT=17
15,17,23,25,COUNT=17
15,17,23,25,120,COUNT=10
15,17,23,120,COUNT=10
15,17,25,120,COUNT=21
15,17,120,COUNT=23
15,19,COUNT=21
15,19,21,COUNT=14
15,19,23,COUNT=14
15,19,25,COUNT=15
15,21,22,COUNT=26
15,21,22,25,COUNT=21
15,21,23,COUNT=13
15,21,25,120,COUNT=10
15,21,120,COUNT=15
15,22,25,120,COUNT=12
15,22,120,COUNT=15
15,23,COUNT=25
15,23,25,COUNT=20
15,23,25,120,COUNT=10
15,23,120,COUNT=13
15,25,120,COUNT=22
15,120,COUNT=28
17,19,COUNT=12
17,19,23,COUNT=10
17,19,23,25,COUNT=10
17,19,25,COUNT=12
17,21,22,COUNT=21
17,21,22,25,COUNT=17
17,21,23,COUNT=10
17,21,25,COUNT=26
17,21,25,120,COUNT=11
17,21,120,COUNT=12
17,22,25,120,COUNT=13
17,22,120,COUNT=15
17,23,COUNT=24
17,23,25,COUNT=23
17,23,25,120,COUNT=11
17,23,120,COUNT=11
17,25,120,COUNT=26
17,120,COUNT=28
19,21,COUNT=26
19,21,22,COUNT=10
19,21,23,COUNT=14
19,21,25,COUNT=14
19,22,COUNT=11
19,23,COUNT=24
19,23,25,COUNT=16
19,23,120,COUNT=11
19,25,COUNT=26
19,25,120,COUNT=10
19,120,COUNT=15
21,22,25,COUNT=23
21,22,120,COUNT=10
21,23,COUNT=24
21,23,25,COUNT=15
21,23,120,COUNT=11
21,25,120,COUNT=15
21,120,COUNT=22
22,25,120,COUNT=14
22,120,COUNT=18
23,25,120,COUNT=14
23,120,COUNT=18
